30 30
000000000000000000000000111111
000000000011000000000000011100
000000000011000000000000011100
000001110000010000100000001111
000010011000000001100000000110
011000000100000000000101110000
000000111100000001000000111110
001111000010100000011111000000
001111100111111100000011111100
000000011111111111111111111110
000000000111111111000111111111
111111110000000001100011111111
111111111111111000000011111111
001111111101111001111011111111
111111111011110101011111111100
111111101011110100010111111100
111111100000110001001111111000
001111111001000000011111110000
011111100001001000000011111100
111100011111100000000011110000
000111110000000000001111100000
010000000111101101111000000001
111111100001111000000111111100
000000001100001100000000000000
000000001000000000000001101101
111111110011111100000011111111
011100000110000000000011001110
111111111111111011111111111111
110000000011111000000111100110
011111111111110011111111111100
