30 38
00000000000000000000000000000000000111
00000000000000000000000001111111000000
00000000000000000000001111111000000000
00000000000011000001111111100000000000
00000000000000000000000000111111111110
00000000000000001111111111111110000000
11111111001111111100000000000000000000
00000000000000000100000000000001111111
00000000111111110000000011110000000000
11111111111100000000001111111110000000
00000000000011111111111111111111111100
00000001111111111111111111111110000000
11111111111111111111111111100000001110
00000000011111111111111111111100000111
00000000000000000000000000000000011100
00000000000000000000000000000000011100
11111111111111111111111111110000111110
00000000001111111111110000001111111110
00000000000000010111111000100001111110
00000001110000001100000001111000000110
11111111000000011100000011001111000000
00000000000000110000000001110000110110
00000000110000001100000000000001111100
00000000011000000000011000000000000111
00000000000000000000110110000110100000
11111111000001100000011000000000000000
00000000110011000000000000000110000000
11111111000000000000000000000011001100
00000000000000000001100000000000000011
00000000000011100000000000011100001110
