25 25
0011111110101011101111111
0101000001101100000010001
0100011101010111001011101
1011101011111101010111001
1011101011011111001011101
0100010000001100000100001
1111111010101010101111111
0111000111000000000000000
1101010111000101011101101
1000001000110111001010000
0011000101101111010001111
1110100111100100101010010
0111110011000001000101011
1001110111111011001101110
1000110010100111111111010
0100011100110000110101100
0101111101010100001001110
0011111000000011011000100
1110100101011000101111111
0000010001100110101101010
1001111101111000101110100
1101111111111011101011101
1111110111111010100111001
0000110000001001011010001
1111101100001011001111111
